0.000000000000000000e+00
1.535423160976101976e-03
1.916680832110273947e-03
2.296747305040370158e-03
2.675546604482547785e-03
3.053002755152078862e-03
3.429039781774890095e-03
3.803581709065361870e-03
4.176552561742319369e-03
4.547876364523695258e-03
4.917477142130088907e-03
5.285278919278547406e-03
5.651205720689667089e-03
6.015181571079608602e-03
6.377130495167637747e-03
6.736976517673465281e-03
7.094643663314358605e-03
7.450055956809809032e-03
7.803137422878109186e-03
8.153812086237843121e-03
8.502004098675878738e-03
8.852596588269296893e-03
9.204466106272485293e-03
9.561798908029080571e-03
9.920125415520219050e-03
1.028069941558935017e-02
1.064440424324161923e-02
1.100960110355325011e-02
1.137738374181729989e-02
1.174782672568791021e-02
1.211701361883987978e-02
1.249279974323336956e-02
1.286676336505217060e-02
1.324341933882087000e-02
1.362194142309357953e-02
1.400195023744767002e-02
1.438345396227680081e-02
1.476645260482785035e-02
1.515090532487600034e-02
1.553676668014468062e-02
1.592399633267850903e-02
1.631256000909743833e-02
1.670242304010198867e-02
1.709355569791385851e-02
1.748593091305303965e-02
1.787951941243645995e-02
1.827429575098247008e-02
1.867023894222635122e-02
1.906732700293338120e-02
1.946553715333882925e-02
1.986485100613244112e-02
2.026525246518506157e-02
2.066672636701267010e-02
2.106925853880781130e-02
2.147283482172485103e-02
2.187744172169071855e-02
2.228307023220903876e-02
2.268971158100754892e-02
2.309735594628641031e-02
2.350599982000202079e-02
2.391563288646047017e-02
2.432624840789125026e-02
2.473784382432829901e-02
2.515041180912742924e-02
2.556395627502170906e-02
2.597847011899932085e-02
2.639395380831617913e-02
2.681040693054740839e-02
2.722782822978056169e-02
2.764622104293742999e-02
2.806558678666044859e-02
2.848592732540676173e-02
2.890724608492991135e-02
2.932954623734581115e-02
2.975283274935227110e-02
3.017711090147025960e-02
3.060238336227705941e-02
3.102866056576678022e-02
3.145594985947679223e-02
3.188425378008150762e-02
3.231358196210862288e-02
3.274394456558128025e-02
3.317534602324583720e-02
3.360779823932689286e-02
3.404130993459061894e-02
3.447588997237929775e-02
3.491155016114592946e-02
3.534830162247957347e-02
3.578615504170926803e-02
3.622511981262446085e-02
3.666520737790600337e-02
3.710643195697255203e-02
3.754880474628895237e-02
3.799233901589668672e-02
3.843704633763427025e-02
3.888294079089336247e-02
3.933003585024114068e-02
3.977834423747463738e-02
4.022788011265310965e-02
4.067865849487804081e-02
4.113069265140038150e-02
4.158399882584847690e-02
4.203859236432005292e-02
4.249448446177955113e-02
4.295169255889254301e-02
4.341023541399655072e-02
4.387012555312500006e-02
4.433137897502961028e-02
4.479401163015966220e-02
4.525803965133479850e-02
4.572347992949714335e-02
4.619034829355612992e-02
4.665865968637700201e-02
4.712843682396970074e-02
4.759969123685373754e-02
4.807244344061124136e-02
4.854671136301146744e-02
4.902251083420357258e-02
4.949985910538517303e-02
4.997877570744640313e-02
5.045927739505139814e-02
5.094138635676771776e-02
5.142511715073756762e-02
5.191048938060278256e-02
5.239752135316722709e-02
5.288623264934084328e-02
5.337664142532160677e-02
5.386876731770375709e-02
5.436263175264188091e-02
5.485825250810907189e-02
5.535564835652931337e-02
5.585483985354586234e-02
5.635584546731908784e-02
5.685868695319105243e-02
5.736338708690338906e-02
5.786996032279796004e-02
5.837842910956674708e-02
5.888881528926494247e-02
5.940113961445762231e-02
5.991542182534091709e-02
6.043168520513018255e-02
6.094995060377925156e-02
6.147023613973200129e-02
6.199256496750307766e-02
6.251696000493296712e-02
6.304344050217181028e-02
6.357202636667522166e-02
6.410274230725285238e-02
6.463561265072920170e-02
6.517065581901276827e-02
6.570789737210430692e-02
6.624735990422592202e-02
6.678906201038382895e-02
6.733302728238883816e-02
6.787928276256256777e-02
6.842784483073531543e-02
6.897873980448375464e-02
6.953199221846027844e-02
7.008762126037673679e-02
7.064565323288936327e-02
7.120610924555491328e-02
7.176901670453346427e-02
7.233439779595644825e-02
7.290227529861309508e-02
7.347267199696956574e-02
7.404561200251484621e-02
7.462111914817541602e-02
7.519921777493739079e-02
7.577993049643040602e-02
7.636328213281491639e-02
7.694929813374891403e-02
7.753800018893707013e-02
7.812941419972310730e-02
7.872356367444045822e-02
7.932047123384261544e-02
7.992016069943343182e-02
8.052265537517909466e-02
8.112797511021339891e-02
8.173614518663332995e-02
8.234719112397308194e-02
8.296113530986574947e-02
8.357799998428623589e-02
8.419780546873251170e-02
8.482057887814474506e-02
8.544634239048166935e-02
8.607511764826136780e-02
8.670693246982281999e-02
8.734180576881839242e-02
8.797976184321609772e-02
8.862082206067004031e-02
8.926500898638235759e-02
8.991234364641753629e-02
9.056284699396752180e-02
9.121654440940249464e-02
9.187345509997149606e-02
9.253360452908430955e-02
9.319700806498897039e-02
9.386368842489839492e-02
9.453366977656028902e-02
9.520697132722491518e-02
9.588361206787221480e-02
9.656361163666231373e-02
9.724699224983451851e-02
9.793377141476238001e-02
9.862396870760252454e-02
9.931759949710279589e-02
1.000146851166967971e-01
1.007152422349906068e-01
1.014192871289143066e-01
1.021268381992646995e-01
1.028379082625543034e-01
1.035525137711933996e-01
1.042706730260998943e-01
1.049923996605007931e-01
1.057177071463314966e-01
1.064466091299408057e-01
1.071791144041991939e-01
1.079152366296276949e-01
1.086549895987555941e-01
1.093983822524861038e-01
1.101454239777284044e-01
1.108961237263483002e-01
1.116504894168004053e-01
1.124085286048737004e-01
1.131702490140883005e-01
1.139356556278668942e-01
1.147047526463703948e-01
1.154775414761113062e-01
1.162540283762431015e-01
1.170342133007518937e-01
1.178180972616361954e-01
1.186056798691249026e-01
1.193969603784554023e-01
1.201919366453300941e-01
1.209906048135279966e-01
1.217929600965001052e-01
1.225989966280210952e-01
1.234087087697464946e-01
1.242220873994926006e-01
1.250391217897023899e-01
1.258598105570450931e-01
1.266841424681174055e-01
1.275121042856423026e-01
1.283436802460984072e-01
1.291788550267131130e-01
1.300176121234390136e-01
1.308599329163877001e-01
1.317057959303233883e-01
1.325551787659269010e-01
1.334080585800835050e-01
1.342644162590923007e-01
1.351242248462352080e-01
1.359874613641801899e-01
1.368540993371354098e-01
1.377241121344449926e-01
1.385974723701655087e-01
1.394741483547382033e-01
1.403541098879050875e-01
1.412373255079419909e-01
1.421237627988299890e-01
1.430133895727385973e-01
1.439061698184418980e-01
1.448020659879409033e-01
1.457010454138449040e-01
1.466030686471881117e-01
1.475080962476109092e-01
1.484160902597969067e-01
1.493270125197715126e-01
1.502408196647133098e-01
1.511574713198809983e-01
1.520769224603892023e-01
1.529991293944863995e-01
1.539240539344300107e-01
1.548516479949628988e-01
1.557818638627503083e-01
1.567146576059892105e-01
1.576499828875753129e-01
1.585877931914068117e-01
1.595280433216691995e-01
1.604706820312924997e-01
1.614156638107318020e-01
1.623629424509830110e-01
1.633124676494747129e-01
1.642641901525462023e-01
1.652180635952260890e-01
1.661740401541612899e-01
1.671320705328616929e-01
1.680921038816811930e-01
1.690540941244577100e-01
1.700179930095472025e-01
1.709837536423267079e-01
1.719513265330805118e-01
1.729206633396259962e-01
1.738917165040509138e-01
1.748644401455662911e-01
1.758387874963439901e-01
1.768147124786607072e-01
1.777921683923306961e-01
1.787711085308766878e-01
1.797514906542402868e-01
1.807332680695390992e-01
1.817163969163607118e-01
1.827008315216374079e-01
1.836865225741771968e-01
1.846734215109039901e-01
1.856614809266217136e-01
1.866506524606265927e-01
1.876408898969471051e-01
1.886321491179825949e-01
1.896243868366384866e-01
1.906175606706420056e-01
1.916116286534859103e-01
1.926065509048356938e-01
1.936022901880745106e-01
1.945988088684910966e-01
1.955960710506444988e-01
1.965940427164797888e-01
1.975926918513427888e-01
1.985919880018577888e-01
1.995919010537426930e-01
2.005924003598615057e-01
2.015934556111217135e-01
2.025950382799374117e-01
2.035971199424989053e-01
2.045996717952019983e-01
2.056026663105015029e-01
2.066060752876549000e-01
2.076098728353822087e-01
2.086140324274967095e-01
2.096185276404146092e-01
2.106233332536630865e-01
2.116284249000036921e-01
2.126337774048571994e-01
2.136393663058414882e-01
2.146451677233013888e-01
2.156511579774781084e-01
2.166573146693437923e-01
2.176636159277534899e-01
2.186700404161772970e-01
2.196765668188311038e-01
2.206831744181398935e-01
2.216898427272422090e-01
2.226965530646987934e-01
2.237032860982114124e-01
2.247100231586773023e-01
2.257167463377341976e-01
2.267234378758758995e-01
2.277300809059822906e-01
2.287366584244502898e-01
2.297431541687600109e-01
2.307495525516201906e-01
2.317558375437162033e-01
2.327619939015224126e-01
2.337680067930076044e-01
2.347738615657964101e-01
2.357795439257011072e-01
2.367850400115978915e-01
2.377903363021393046e-01
2.387954191225147016e-01
2.398002753182588986e-01
2.408048922907511102e-01
2.418092568925684083e-01
2.428133564990206106e-01
2.438171789735351092e-01
2.448207122365148869e-01
2.458239441231108990e-01
2.468268624706144998e-01
2.478294551279157099e-01
2.488317103664504926e-01
2.498336171566842012e-01
2.508351656198629098e-01
2.518363457958056051e-01
2.528371476239298921e-01
2.538375615456908152e-01
2.548375780872972896e-01
2.558371874302319826e-01
2.568363800965465238e-01
2.578351466017401172e-01
2.588334772935829142e-01
2.598313625619897982e-01
2.608287930383538233e-01
2.618257594755115103e-01
2.628222519535565738e-01
2.638182608870059953e-01
2.648137769653968188e-01
2.658087906641474207e-01
2.668032923028446080e-01
2.677972721237268927e-01
2.687907208094105771e-01
2.697836302397618735e-01
2.707759928726237164e-01
2.717678011620766054e-01
2.727590476151166010e-01
2.737497254304450123e-01
2.747398281379225815e-01
2.757293496621990858e-01
2.767182842819015942e-01
2.777066266573379183e-01
2.786943719275928877e-01
2.796815154918075863e-01
2.806680532321567112e-01
2.816539815589723106e-01
2.826392970313553188e-01
2.836239964470825270e-01
2.846080770397486082e-01
2.855915362677278191e-01
2.865743716661142138e-01
2.875565808460929795e-01
2.885381617214934913e-01
2.895191123711822190e-01
2.904994307377127272e-01
2.914791147266684868e-01
2.924581623337790814e-01
2.934365717036114818e-01
2.944143408263764083e-01
2.953914676667900863e-01
2.963679500400802080e-01
2.973437857386949101e-01
2.983189727078280895e-01
2.992935085492682834e-01
3.002673907325703051e-01
3.012406171365966112e-01
3.022131853128349754e-01
3.031850926464160767e-01
3.041563367052034783e-01
3.051269148753871785e-01
3.060968246139906812e-01
3.070660633425978947e-01
3.080346283170876109e-01
3.090025168824884205e-01
3.099697265332331253e-01
3.109362547625141859e-01
3.119020987622109775e-01
3.128672559856198743e-01
3.138317238919182128e-01
3.147954998576742991e-01
3.157585815017420749e-01
3.167209663959250077e-01
3.176826518071493854e-01
3.186436350495390202e-01
3.196039135289345245e-01
3.205634844608853951e-01
3.215223451612186922e-01
3.224804933054871148e-01
3.234379263621610101e-01
3.243946417499062873e-01
3.253506370824444938e-01
3.263059101052331878e-01
3.272604586032415996e-01
3.282142801034420021e-01
3.291673724356284914e-01
3.301197336613763134e-01
3.310713616202499154e-01
3.320222542690691170e-01
3.329724096635159891e-01
3.339218258193196176e-01
3.348705008560549090e-01
3.358184329064993756e-01
3.367656202189345249e-01
3.377120611430932118e-01
3.386577538988886915e-01
3.396026967669886210e-01
3.405468881935995729e-01
3.414903266650360925e-01
3.424330105668291213e-01
3.433749384084123779e-01
3.443161090078887820e-01
3.452565210746095792e-01
3.461961732721913765e-01
3.471350641668971004e-01
3.480731924290710877e-01
3.490105570153356762e-01
3.499471569171472840e-01
3.508829909882534848e-01
3.518180580630090870e-01
3.527523570827120758e-01
3.536858869676958728e-01
3.546186466859139741e-01
3.555506352720402830e-01
3.564818516911040791e-01
3.574122949830627061e-01
3.583419643529969778e-01
3.592708589544940101e-01
3.601989779298510053e-01
3.611263204038397956e-01
3.620528855996528739e-01
3.629786729174561133e-01
3.639036816194061164e-01
3.648279110876269105e-01
3.657513606468005274e-01
3.666740294947001821e-01
3.675959171878703802e-01
3.685170232864972140e-01
3.694373470611265198e-01
3.703568877580578067e-01
3.712756447575866758e-01
3.721936172989310232e-01
3.731108048327085869e-01
3.740272069028884871e-01
3.749428230044207777e-01
3.758576526071564228e-01
3.767716952641573802e-01
3.776849505785431216e-01
3.785974181557260065e-01
3.795090976133934091e-01
3.804199886410604137e-01
3.813300910139115207e-01
3.822394042984100238e-01
3.831479281814862969e-01
3.840556624629283267e-01
3.849626069574753062e-01
3.858687614522873788e-01
3.867741257848394953e-01
3.876786997841781823e-01
3.885824833492498853e-01
3.894854764203589115e-01
3.903876788854891977e-01
3.912890907417195252e-01
3.921897119048873837e-01
3.930895424255642090e-01
3.939885823951138066e-01
3.948868318801451727e-01
3.957842909314102098e-01
3.966809596312139141e-01
3.975768381514797056e-01
3.984719267267217147e-01
3.993662256141777833e-01
4.002597349536483051e-01
4.011524549603032175e-01
4.020443859385066099e-01
4.029355281380642140e-01
4.038258818663174043e-01
4.047154474593437912e-01
4.056042253821537935e-01
4.064922162939039740e-01
4.073794207265156730e-01
4.082658390156910788e-01
4.091514714458585056e-01
4.100363184355084734e-01
4.109203804605371935e-01
4.118036579842693223e-01
4.126861516757910908e-01
4.135678620901913072e-01
4.144487898423533934e-01
4.153289355571470054e-01
4.162082997347396063e-01
4.170868830326470156e-01
4.179646860150548204e-01
4.188417093425496063e-01
4.197179537750643785e-01
4.205934199113878225e-01
4.214681082671513090e-01
4.223420194282763163e-01
4.232151540084523877e-01
4.240875125401792900e-01
4.249590955141822057e-01
4.258299035360227913e-01
4.266999373018243169e-01
4.275691974857209754e-01
4.284376846824887175e-01
4.293053994692290209e-01
4.301723425578032889e-01
4.310385146468844186e-01
4.319039164295399025e-01
4.327685486337554122e-01
4.336324120061894050e-01
4.344955072962630727e-01
4.353578352378025818e-01
4.362193965588773148e-01
4.370801920058086099e-01
4.379402223133653793e-01
4.387994883183212735e-01
4.396579908651206958e-01
4.405157306889985191e-01
4.413727086598129845e-01
4.422289255693276910e-01
4.430843822304562085e-01
4.439390795615830165e-01
4.447930184790979125e-01
4.456461997977020917e-01
4.464986243001675126e-01
4.473502928312727001e-01
4.482012063203745234e-01
4.490513656906662265e-01
4.499007718969555980e-01
4.507494257358120038e-01
4.515973280516124011e-01
4.524444798553090008e-01
4.532908821857120074e-01
4.541365359871457064e-01
4.549814422041463247e-01
4.558256017344721189e-01
4.566690155068002244e-01
4.575116846343680876e-01
4.583536101221828973e-01
4.591947928282312796e-01
4.600352336954586230e-01
4.608749337729450835e-01
4.617138940232328181e-01
4.625521154574592786e-01
4.633895990895198214e-01
4.642263458524932829e-01
4.650623567423134985e-01
4.658976327646948135e-01
4.667321749352468241e-01
4.675659842788889020e-01
4.683990618038690878e-01
4.692314085593299877e-01
4.700630255099959021e-01
4.708939136184032148e-01
4.717240739864311250e-01
4.725535076900123088e-01
4.733822156808651926e-01
4.742101988767468135e-01
4.750374583075442914e-01
4.758639950167439792e-01
4.766898098555639174e-01
4.775149037776142968e-01
4.783392778396297063e-01
4.791629330390121955e-01
4.799858702207063232e-01
4.808080903112563753e-01
4.816295942843101807e-01
4.824503830519686898e-01
4.832704575687729043e-01
4.840898188507153921e-01
4.849084679092713901e-01
4.857264056569641775e-01
4.865436330040628921e-01
4.873601509470070203e-01
4.881759604837540012e-01
4.889910625481591055e-01
4.898054580671223901e-01
4.906191480877504230e-01
4.914321335255407153e-01
4.922444152740467760e-01
4.930559943101500142e-01
4.938668716258383107e-01
4.946770481813155262e-01
4.954865249333758048e-01
4.962953028237993003e-01
4.971033828066326876e-01
4.979107657791141950e-01
4.987174526900511884e-01
4.995234445921603039e-01
5.003287424731444055e-01
5.011333472710907122e-01
5.019372599542150093e-01
5.027404814850235937e-01
5.035430128096411995e-01
5.043448548697990752e-01
5.051460086245425085e-01
5.059464751085012146e-01
5.067462552857605607e-01
5.075453500758830838e-01
5.083437604234479767e-01
5.091414873268236274e-01
5.099385317031590592e-01
5.107348944668860247e-01
5.115305765612475630e-01
5.123255789560147155e-01
5.131199025475949860e-01
5.139135483643539892e-01
5.147065173740876798e-01
5.154988104805532378e-01
5.162904285602021304e-01
5.170813725775793568e-01
5.178716434314724060e-01
5.186612420754773689e-01
5.194501694825525151e-01
5.202384265989891121e-01
5.210260143231670860e-01
5.218129335493605359e-01
5.225991851602420635e-01
5.233847700491592869e-01
5.241696891468032860e-01
5.249539434106230695e-01
5.257375337592906650e-01
5.265204610985618761e-01
5.273027263210608995e-01
5.280843302747676438e-01
5.288652738913919293e-01
5.296455581049361871e-01
5.304251837737810060e-01
5.312041516396273089e-01
5.319824625975959620e-01
5.327601174369115400e-01
5.335371169078663156e-01
5.343134617635812988e-01
5.350891528374267514e-01
5.358641909150552163e-01
5.366385768405489420e-01
5.374123114402797885e-01
5.381853954386521810e-01
5.389578296387373957e-01
5.397296148418690986e-01
5.405007518484037377e-01
5.412712414527631744e-01
5.420410844310477039e-01
5.428102815038100548e-01
5.435788334222101392e-01
5.443467409753721675e-01
5.451140049480640570e-01
5.458806261439330676e-01
5.466466052531994135e-01
5.474119429108874613e-01
5.481766398372536209e-01
5.489406968508963036e-01
5.497041146624876973e-01
5.504668939371404335e-01
5.512290353957618461e-01
5.519905397444697659e-01
5.527514076804308507e-01
5.535116398828971995e-01
5.542712370009448275e-01
5.550301996771952462e-01
5.557885286386291535e-01
5.565462246089354359e-01
5.573032882031702107e-01
5.580597200028167837e-01
5.588155206787708273e-01
5.595706909419753128e-01
5.603252314986973959e-01
5.610791429133501484e-01
5.618324258186231379e-01
5.625850808671868375e-01
5.633371086507004133e-01
5.640885097673631332e-01
5.648392848259805588e-01
5.655894344319249978e-01
5.663389591345768803e-01
5.670878595246944265e-01
5.678361361888967229e-01
5.685837897014809350e-01
5.693308205866844940e-01
5.700772294040451493e-01
5.708230167010247547e-01
5.715681830007741659e-01
5.723127288148113223e-01
5.730566546669165762e-01
5.737999610652959603e-01
5.745426484680896673e-01
5.752847174114066320e-01
5.760261684281574590e-01
5.767670020323775182e-01
5.775072186519831785e-01
5.782468187379704583e-01
5.789858027744654301e-01
5.797241712785734524e-01
5.804619247102558166e-01
5.811990634719024218e-01
5.819355879728493885e-01
5.826714986966257115e-01
5.834067959960035354e-01
5.841414802393439798e-01
5.848755518202199966e-01
5.856090112556385785e-01
5.863418589934500380e-01
5.870740954355596619e-01
5.878057209293140462e-01
5.885367358435659169e-01
5.892671405094628279e-01
5.899969352337334216e-01
5.907261202989217974e-01
5.914546960380244744e-01
5.921826627610107252e-01
5.929100207455473281e-01
5.936367702025656667e-01
5.943629114218593745e-01
5.950884446995026167e-01
5.958133702146216626e-01
5.965376881865137593e-01
5.972613988863264556e-01
5.979845026645354000e-01
5.987069997108223074e-01
5.994288902198169344e-01
6.001501743757514662e-01
6.008708523467678475e-01
6.015909243257856476e-01
6.023103905176190320e-01
6.030292511456908366e-01
6.037475064002916225e-01
6.044651564512152353e-01
6.051822014488715817e-01
6.058986415246871982e-01
6.066144768240255836e-01
6.073297074823869046e-01
6.080443335870374666e-01
6.087583553006120640e-01
6.094717727427817477e-01
6.101845859660419702e-01
6.108967950912862488e-01
6.116084002114345886e-01
6.123194014035985289e-01
6.130297987297581574e-01
6.137395922231186907e-01
6.144487819153444663e-01
6.151573678686583779e-01
6.158653501011304154e-01
6.165727286026875253e-01
6.172795033104866436e-01
6.179856743036588052e-01
6.186912415921512753e-01
6.193962051439948491e-01
6.201005649204258674e-01
6.208043208990912110e-01
6.215074730538283632e-01
6.222100213104040378e-01
6.229119656303440111e-01
6.236133059384079136e-01
6.243140420611255070e-01
6.250141738710514039e-01
6.257137012503198870e-01
6.264126240954801528e-01
6.271109422955886137e-01
6.278086556865207779e-01
6.285057640610447471e-01
6.292022672602410882e-01
6.298981651111316138e-01
6.305934574361392597e-01
6.312881440603327343e-01
6.319822247721552655e-01
6.326756993572797416e-01
6.333685676352236449e-01
6.340608293692432396e-01
6.347524843094121128e-01
6.354435321725973029e-01
6.361339728131798488e-01
6.368238060284563407e-01
6.375130315421344562e-01
6.382016490759419014e-01
6.388896583691274778e-01
6.395770591797620419e-01
6.402638511924763076e-01
6.409500341150300429e-01
6.416356076645931550e-01
6.423205715959329209e-01
6.430049256618609599e-01
6.436886696070838187e-01
6.443718030980222222e-01
6.450543258106324895e-01
6.457362374362152213e-01
6.464175377408760692e-01
6.470982264638911463e-01
6.477783032980296563e-01
6.484577678028842218e-01
6.491366196152962287e-01
6.498148583919470811e-01
6.504924838266736842e-01
6.511694955826741182e-01
6.518458932728830035e-01
6.525216764321900564e-01
6.531968446180145271e-01
6.538713973859713313e-01
6.545453343087735965e-01
6.552186548215374051e-01
6.558913584010696018e-01
6.565634445497159355e-01
6.572349127321015505e-01
6.579057624027427886e-01
6.585759930041030774e-01
6.592456040434633291e-01
6.599145949092301011e-01
6.605829649258904146e-01
6.612507134120941821e-01
6.619178396951763688e-01
6.625843431069655676e-01
6.632502230225795214e-01
6.639154787079255549e-01
6.645801093905943091e-01
6.652441142838898536e-01
6.659074925997274796e-01
6.665702435440867824e-01
6.672323663082221357e-01
6.678938600765483846e-01
6.685547240322284868e-01
6.692149573857206768e-01
6.698745591970092228e-01
6.705335285168150250e-01
6.711918643993510791e-01
6.718495659385422814e-01
6.725066322076792558e-01
6.731630622574023004e-01
6.738188550560696433e-01
6.744740096036078159e-01
6.751285249520964094e-01
6.757824000396586150e-01
6.764356337908470351e-01
6.770882251119382245e-01
6.777401728416461157e-01
6.783914758427939118e-01
6.790421329905786951e-01
6.796921431120224177e-01
6.803415049798831049e-01
6.809902173284901883e-01
6.816382788491767153e-01
6.822856882501387998e-01
6.829324442076547541e-01
6.835785451371242383e-01
6.842239895159599739e-01
6.848687758274927262e-01
6.855129025877776394e-01
6.861563681930394898e-01
6.867991709068139716e-01
6.874413086968120812e-01
6.880827796108360817e-01
6.887235817989957321e-01
6.893637135797729965e-01
6.900031733594804706e-01
6.906419591370940303e-01
6.912800685051807559e-01
6.919174987021645684e-01
6.925542469691475800e-01
6.931903105110546193e-01
6.938256869675767380e-01
6.944603742398790525e-01
6.950943703196543755e-01
6.957276731380843682e-01
6.963602793038359273e-01
6.969921850094559224e-01
6.976233859457492414e-01
6.982538790649944760e-01
6.988836617300825393e-01
6.995127319359841778e-01
7.001410862552138736e-01
7.007687204516448443e-01
7.013956296729790818e-01
7.020218090545311540e-01
7.026472549104083587e-01
7.032719640293896290e-01
7.038959337674650651e-01
7.045191603577767303e-01
7.051416386710926965e-01
7.057633623235108900e-01
7.063843254074747557e-01
7.070045229211189275e-01
7.076239498912577641e-01
7.082426009119591193e-01
7.088604690881873394e-01
7.094775461856341892e-01
7.100938259601798919e-01
7.107093194391389535e-01
7.113240374326659232e-01
7.119379642731411550e-01
7.125510509115626778e-01
7.131632524790096905e-01
7.137745567299424998e-01
7.143849651036384696e-01
7.149944796235697675e-01
7.156031015904140702e-01
7.162108322891448386e-01
7.168176729888100507e-01
7.174236249337785365e-01
7.180286893748879518e-01
7.186328675655071496e-01
7.192361607658619427e-01
7.198385702105850603e-01
7.204400971327460379e-01
7.210407427602600894e-01
7.216405083089112438e-01
7.222393949623208131e-01
7.228374039113616423e-01
7.234345363740456447e-01
7.240307935370495773e-01
7.246261765589141479e-01
7.252206865890403753e-01
7.258143248368599254e-01
7.264070925318241168e-01
7.269989908659363342e-01
7.275900209568466614e-01
7.281801839791182118e-01
7.287694810835119164e-01
7.293579134171143119e-01
7.299454821905556612e-01
7.305321885936336690e-01
7.311180337759782821e-01
7.317030188018448511e-01
7.322871448667453986e-01
7.328704131661669674e-01
7.334528248986232901e-01
7.340343812072426255e-01
7.346150833133752167e-01
7.351949324169245736e-01
7.357739296098632087e-01
7.363520760136423871e-01
7.369293728030400503e-01
7.375058212097129751e-01
7.380814223997406165e-01
7.386561774497021338e-01
7.392300874178687753e-01
7.398031534817149923e-01
7.403753767592076152e-01
7.409467583407829405e-01
7.415172992646713590e-01
7.420870007211723962e-01
7.426558638210931651e-01
7.432238896267687744e-01
7.437910792070915322e-01
7.443574336740305109e-01
7.449229541310559144e-01
7.454876416126797745e-01
7.460514971731927458e-01
7.466145218677374684e-01
7.471767167508291951e-01
7.477380828911462940e-01
7.482986213334843484e-01
7.488583331078549898e-01
7.494172192512331687e-01
7.499752807913639963e-01
7.505325187485271110e-01
7.510889341217122928e-01
7.516445279571924987e-01
7.521993013082118873e-01
7.527532552506261965e-01
7.533063907326417175e-01
7.538587087027656120e-01
7.544102101015640605e-01
7.549608959591692647e-01
7.555107673052381401e-01
7.560598251588785956e-01
7.566080704759571285e-01
7.571555042094878507e-01
7.577021273269238799e-01
7.582479408194963133e-01
7.587929457348646656e-01
7.593371430896680430e-01
7.598805338672713905e-01
7.604231190862059675e-01
7.609648997740912080e-01
7.615058769593855414e-01
7.620460515851297245e-01
7.625854246425145533e-01
7.631239971445925585e-01
7.636617701637937738e-01
7.641987446276599094e-01
7.647349214717051868e-01
7.652703016684453408e-01
7.658048862431439119e-01
7.663386761858632656e-01
7.668716724499713422e-01
7.674038759990899905e-01
7.679352878003762317e-01
7.684659088213224853e-01
7.689957399733300392e-01
7.695247822319418729e-01
7.700530365829948432e-01
7.705805039585665872e-01
7.711071852764000978e-01
7.716330814643953540e-01
7.721581934965797700e-01
7.726825222835966844e-01
7.732060687389499254e-01
7.737288337794526738e-01
7.742508183669554178e-01
7.747720234122498217e-01
7.752924497761585210e-01
7.758120983584771979e-01
7.763309700725620210e-01
7.768490658406422833e-01
7.773663865215548752e-01
7.778829329836940421e-01
7.783987061024976173e-01
7.789137068013289866e-01
7.794279359628064618e-01
7.799413944599531412e-01
7.804540831700635950e-01
7.809660029081709753e-01
7.814771545124253871e-01
7.819875388911677883e-01
7.824971568682335121e-01
7.830060092666595306e-01
7.835140969047690307e-01
7.840214206193619750e-01
7.845279812495433713e-01
7.850337796375798094e-01
7.855388166486885204e-01
7.860430930902182478e-01
7.865466097352528108e-01
7.870493674347686097e-01
7.875513670610569950e-01
7.880526094900706102e-01
7.885530955026276434e-01
7.890528259157773006e-01
7.895518015458270478e-01
7.900500231753342373e-01
7.905474916153134579e-01
7.910442076810501044e-01
7.915401721917111333e-01
7.920353859476042535e-01
7.925298497386801255e-01
7.930235643300956871e-01
7.935165305412400505e-01
7.940087491800567054e-01
7.945002210465902381e-01
7.949909468897591314e-01
7.954809274729509605e-01
7.959701635668913200e-01
7.964586559682165223e-01
7.969464054601816949e-01
7.974334128191060689e-01
7.979196788024682796e-01
7.984052041951704703e-01
7.988899897966369457e-01
7.993740364003955046e-01
7.998573447765364719e-01
8.003399156911543688e-01
8.008217499857285260e-01
8.013028484236082161e-01
8.017832117579941631e-01
8.022628408020689994e-01
8.027417363673561290e-01
8.032198992598930110e-01
8.036973302520868945e-01
8.041740301697138937e-01
8.046499998318288327e-01
8.051252400309899526e-01
8.055997515152368837e-01
8.060735350477549188e-01
8.065465914275000703e-01
8.070189214495027130e-01
8.074905259004838687e-01
8.079614055601100908e-01
8.084315611742473040e-01
8.089009934905523336e-01
8.093697032492624954e-01
8.098376912388868254e-01
8.103049582364498793e-01
8.107715050209053365e-01
8.112373322929187225e-01
8.117024407938856490e-01
8.121668312898859821e-01
8.126305044953242573e-01
8.130934611473294993e-01
8.135557019919874566e-01
8.140172277230390829e-01
8.144780390405590431e-01
8.149381366467344234e-01
8.153975212903027403e-01
8.158561936796473457e-01
8.163141545093357543e-01
8.167714044655175476e-01
8.172279442424247309e-01
8.176837745343655817e-01
8.181388960364618379e-01
8.185933093968132956e-01
8.190470152623747779e-01
8.195000143056487829e-01
8.199523072242794752e-01
8.204038947161761408e-01
8.208547774642801498e-01
8.213049561812323374e-01
8.217544315746055927e-01
8.222032043366002130e-01
8.226512751691679171e-01
8.230986447618122703e-01
8.235453137767170251e-01
8.239912829301345720e-01
8.244365529035090345e-01
8.248811243326754639e-01
8.253249978713085300e-01
8.257681741749536286e-01
8.262106539018697626e-01
8.266524377187079997e-01
8.270935262585467074e-01
8.275339201209893636e-01
8.279736199690932441e-01
8.284126264541048501e-01
8.288509402258397163e-01
8.292885618908624190e-01
8.297254920713662552e-01
8.301617313944097409e-01
8.305972804829807599e-01
8.310321399639980511e-01
8.314663104660217074e-01
8.318997926186285641e-01
8.323325870430100526e-01
8.327646943701673132e-01
8.331961152983650143e-01
8.336268505449635491e-01
8.340569008184879340e-01
8.344862667555336122e-01
8.349149490366516435e-01
8.353429483436786152e-01
8.357702653596390530e-01
8.361969006895313417e-01
8.366228549528493819e-01
8.370481288267545006e-01
8.374727229256765382e-01
8.378966378463036380e-01
8.383198741533474108e-01
8.387424324452323887e-01
8.391643133232448148e-01
8.395855174070755433e-01
8.400060452231954411e-01
8.404258973164070445e-01
8.408450742464215200e-01
8.412635765094224061e-01
8.416814046367142588e-01
8.420985591810504767e-01
8.425150406800528957e-01
8.429308496574046128e-01
8.433459866254865434e-01
8.437604520365290517e-01
8.441742463871857449e-01
8.445873701855218796e-01
8.449998238977689535e-01
8.454116080293997415e-01
8.458227231093405907e-01
8.462331697374243511e-01
8.466429484371789105e-01
8.470520597301902654e-01
8.474605041667145899e-01
8.478682823286384229e-01
8.482753947746891621e-01
8.486818420006121411e-01
8.490876245521508103e-01
8.494927429586751622e-01
8.498971977213672924e-01
8.503009893599338120e-01
8.507041183995941447e-01
8.511065853757316946e-01
8.515083907998907131e-01
8.519095351777108416e-01
8.523100190072333548e-01
8.527098427926061985e-01
8.531090070570954698e-01
8.535075123324996627e-01
8.539053591103917817e-01
8.543025478779137094e-01
8.546990791278233912e-01
8.550949534151159881e-01
8.554901712369987754e-01
8.558847330812957566e-01
8.562786394417374325e-01
8.566718908037409541e-01
8.570644876644890608e-01
8.574564305512238915e-01
8.578477199514926710e-01
8.582383563585095354e-01
8.586283402630547901e-01
8.590176722149801547e-01
8.594063527874729047e-01
8.597943825834939435e-01
8.601817621480347675e-01
8.605684920087051104e-01
8.609545726818369493e-01
8.613400047264384574e-01
8.617247887105066173e-01
8.621089251897917638e-01
8.624924146338366349e-01
8.628752575660896262e-01
8.632574545172581049e-01
8.636390060236543986e-01
8.640199125916940837e-01
8.644001747166537575e-01
8.647797928742751994e-01
8.651587675814781386e-01
8.655370993312572203e-01
8.659147885979293635e-01
8.662918358641186201e-01
8.666682416089521723e-01
8.670440063068456382e-01
8.674191304055822727e-01
8.677936143514041190e-01
8.681674585910574837e-01
8.685406635800636543e-01
8.689132297667926386e-01
8.692851576031398464e-01
8.696564475639806391e-01
8.700271000028336754e-01
8.703971153354000956e-01
8.707664940384383101e-01
8.711352365314515289e-01
8.715033432075428577e-01
8.718708144520422865e-01
8.722376507491907960e-01
8.726038526074614277e-01
8.729694205394794571e-01
8.733343550388420473e-01
8.736986565697206775e-01
8.740623256118394968e-01
8.744253626767217735e-01
8.747877682496927321e-01
8.751495427783475556e-01
8.755106866786531716e-01
8.758712004533087958e-01
8.762310845598819675e-01
8.765903394359292333e-01
8.769489654905442411e-01
8.773069631572849580e-01
8.776643328791499110e-01
8.780210751178160189e-01
8.783771902850726621e-01
8.787326787931208916e-01
8.790875410520463396e-01
8.794417774603610072e-01
8.797953884483618037e-01
8.801483744495767203e-01
8.805007358536945938e-01
8.808524730606368536e-01
8.812035864739353741e-01
8.815540765030263071e-01
8.819039435489004486e-01
8.822531880275504834e-01
8.826018103654869051e-01
8.829498109769886582e-01
8.832971902366385519e-01
8.836439485121274640e-01
8.839900861907691310e-01
8.843356036685978694e-01
8.846805013558703967e-01
8.850247796812071854e-01
8.853684390394792603e-01
8.857114798292530233e-01
8.860539024649217721e-01
8.863957074324575469e-01
8.867368952523805303e-01
8.870774664209550853e-01
8.874174213796347521e-01
8.877567606062630734e-01
8.880954845655238961e-01
8.884335937163836405e-01
8.887710885338597766e-01
8.891079694655421584e-01
8.894442369368014134e-01
8.897798913393153430e-01
8.901149330881614752e-01
8.904493626206161361e-01
8.907831803846468777e-01
8.911163867643208114e-01
8.914489821649578261e-01
8.917809669924694482e-01
8.921123416484523228e-01
8.924431065353942705e-01
8.927732620461354962e-01
8.931028085708432318e-01
8.934317465331472752e-01
8.937600763262378845e-01
8.940877983396731121e-01
8.944149129680074584e-01
8.947414205781740737e-01
8.950673215706845820e-01
8.953926163561573004e-01
8.957173053106614047e-01
8.960413888255412962e-01
8.963648672875865753e-01
8.966877410765918821e-01
8.970100106102280035e-01
8.973316762626485366e-01
8.976527383915254843e-01
8.979731973476825502e-01
8.982930535117770177e-01
8.986123072815900281e-01
8.989309590630006896e-01
8.992490092271290258e-01
8.995664581241411550e-01
8.998833061461194438e-01
9.001995537462261776e-01
9.005152014157089546e-01
9.008302496547805349e-01
9.011446989730675927e-01
9.014585498984533096e-01
9.017718028594059465e-01
9.020844583271496742e-01
9.023965167859735459e-01
9.027079786695698660e-01
9.030188443708386803e-01
9.033291142508258487e-01
9.036387886476412445e-01
9.039478679601639088e-01
9.042563525174600603e-01
9.045642426254922874e-01
9.048715385787716725e-01
9.051782406772058698e-01
9.054843491885051776e-01
9.057898643644957115e-01
9.060947864510572325e-01
9.063991156919897207e-01
9.067028522769987608e-01
9.070059963770966682e-01
9.073085481745101211e-01
9.076105079270421205e-01
9.079118759630424584e-01
9.082126526392269028e-01
9.085128382577148942e-01
9.088124331607457806e-01
9.091114376718963941e-01
9.094098521001007240e-01
9.097076767460525737e-01
9.100049119276165666e-01
9.103015579662262491e-01
9.105976151788782724e-01
9.108930838584801126e-01
9.111879643070994739e-01
9.114822568071935249e-01
9.117759616327874017e-01
9.120690790802382653e-01
9.123616094151557609e-01
9.126535529289609983e-01
9.129449099181065064e-01
9.132356806401736860e-01
9.135258653761538783e-01
9.138154644084954814e-01
9.141044780223530619e-01
9.143929065111553456e-01
9.146807501189954115e-01
9.149680091186001007e-01
9.152546838126532913e-01
9.155407745376284989e-01
9.158262816063834633e-01
9.161112053349402817e-01
9.163955460588522062e-01
9.166793041368959116e-01
9.169624798844241420e-01
9.172450736461116305e-01
9.175270857837625194e-01
9.178085166673914941e-01
9.180893666491944938e-01
9.183696360848402351e-01
9.186493253527496794e-01
9.189284348406056013e-01
9.192069649193347347e-01
9.194849159838593966e-01
9.197622884192946380e-01
9.200390826282571766e-01
9.203152990346148421e-01
9.205909379788328462e-01
9.208659997606690739e-01
9.211404847110344907e-01
9.214143932036015228e-01
9.216877256479131253e-01
9.219604823548123163e-01
9.222326636525096655e-01
9.225042699319810913e-01
9.227753016654814955e-01
9.230457593154565155e-01
9.233156432921095780e-01
9.235849540321303675e-01
9.238536919729717356e-01
9.241218574914039641e-01
9.243894509722270225e-01
9.246564727871668943e-01
9.249229232821676305e-01
9.251888027808075066e-01
9.254541116085741592e-01
9.257188501104096634e-01
9.259830185577234696e-01
9.262466172159600220e-01
9.265096463825356343e-01
9.267721063146954208e-01
9.270339972985509602e-01
9.272953195747907218e-01
9.275560733550263226e-01
9.278162588515486142e-01
9.280758763120112720e-01
9.283349259945088416e-01
9.285934081168999432e-01
9.288513228772177222e-01
9.291086704790294526e-01
9.293654511106259619e-01
9.296216650082462785e-01
9.298773123844635835e-01
9.301323935015032296e-01
9.303869087473951582e-01
9.306408586866761201e-01
9.308942438508679418e-01
9.311470647354977981e-01
9.313993218162734955e-01
9.316510155460184794e-01
9.319021463209671285e-01
9.321527145385322122e-01
9.324027205368033977e-01
9.326521646400831589e-01
9.329010471572019014e-01
9.331493683615655899e-01
9.333971285437369092e-01
9.336443279254260652e-01
9.338909667182729857e-01
9.341370451168341527e-01
9.343825632932833969e-01
9.346275214109760476e-01
9.348719195966156414e-01
9.351157579939121112e-01
9.353590366962121205e-01
9.356017557835781817e-01
9.358439153585873527e-01
9.360855154713617621e-01
9.363265561758175037e-01
9.365670375169663497e-01
9.368069595339888478e-01
9.370463222550500237e-01
9.372851256958413257e-01
9.375233698780264247e-01
9.377610547819732467e-01
9.379981805054959931e-01
9.382347472807227584e-01
9.384707554017400755e-01
9.387062051644388117e-01
9.389410968991531714e-01
9.391754309367749132e-01
9.394092075745515968e-01
9.396424271367446179e-01
9.398750899321308694e-01
9.401071962485564315e-01
9.403387463982749717e-01
9.405697407074308236e-01
9.408001795048468452e-01
9.410300630840187086e-01
9.412593917678596656e-01
9.414881658889533433e-01
9.417163857641277502e-01
9.419440517119683776e-01
9.421711640303284119e-01
9.423977230670602667e-01
9.426237291502674864e-01
9.428491826070656279e-01
9.430740837269473431e-01
9.432984327588898044e-01
9.435222299515588773e-01
9.437454755208037893e-01
9.439681697052701992e-01
9.441903127751105629e-01
9.444119049877236494e-01
9.446329465821001747e-01
9.448534378331252537e-01
9.450733790440161153e-01
9.452927704515258212e-01
9.455116123272419015e-01
9.457299049666402224e-01
9.459476487490613428e-01
9.461648442489326571e-01
9.463814920847931633e-01
9.465975928187864152e-01
9.468131469818248380e-01
9.470281550878547616e-01
9.472426175498603884e-01
9.474565347790006031e-01
9.476699071046571499e-01
9.478827348961232913e-01
9.480950184086719412e-01
9.483067578185705448e-01
9.485179533053873513e-01
9.487286050364353018e-01
9.489387131023004907e-01
9.491482775277323425e-01
9.493572983402590593e-01
9.495657754868254141e-01
9.497737088638179559e-01
9.499810985341312630e-01
9.501879448168225606e-01
9.503942481267729780e-01
9.506000088396534542e-01
9.508052272700607821e-01
9.510099036935324435e-01
9.512140383736130689e-01
9.514176314762445852e-01
9.516206831883806672e-01
9.518231935924499343e-01
9.520251627810010220e-01
9.522265908061646744e-01
9.524274777201432451e-01
9.526278235361025359e-01
9.528276282361500815e-01
9.530268917706690157e-01
9.532256140747734641e-01
9.534237951001084399e-01
9.536214347592268936e-01
9.538185329518150679e-01
9.540150896233545730e-01
9.542111048770849369e-01
9.544065789208092676e-01
9.546015119596147347e-01
9.547959041879636732e-01
9.549897558362206995e-01
9.551830671435050935e-01
9.553758383545133404e-01
9.555680696927236761e-01
9.557597614160117105e-01
9.559509138314454813e-01
9.561415272620541472e-01
9.563316020866026168e-01
9.565211387307163138e-01
9.567101376020729075e-01
9.568985991210829933e-01
9.570865236819015021e-01
9.572739116239434853e-01
9.574607633565224152e-01
9.576470792105401530e-01
9.578328594812953733e-01
9.580181045111499927e-01
9.582028147397259055e-01
9.583869906457911370e-01
9.585706327550993500e-01
9.587537415323984513e-01
9.589363173951739316e-01
9.591183606351084689e-01
9.592998715044773750e-01
9.594808501719965799e-01
9.596612968083469974e-01
9.598412115652742438e-01
9.600205945061528467e-01
9.601994458793354781e-01
9.603777662635406553e-01
9.605555563306242828e-01
9.607328166734807606e-01
9.609095477202923563e-01
9.610857497470413069e-01
9.612614228769053026e-01
9.614365671013264114e-01
9.616111823000078607e-01
9.617852682345648940e-01
9.619588245528337689e-01
9.621318507018525867e-01
9.623043462201864573e-01
9.624763110571421532e-01
9.626477453832741338e-01
9.628186493596667672e-01
9.629890230647136784e-01
9.631588664861818749e-01
9.633281795682391291e-01
9.634969621981762655e-01
9.636652142370545349e-01
9.638329354933504733e-01
9.640001257127889245e-01
9.641667845957268002e-01
9.643329118498482622e-01
9.644985072632311640e-01
9.646635708060670167e-01
9.648281025393915522e-01
9.649921025670880059e-01
9.651555710577827130e-01
9.653185081791211264e-01
9.654809141412968865e-01
9.656427891596041091e-01
9.658041334789861931e-01
9.659649473678929565e-01
9.661252310856857095e-01
9.662849849063445129e-01
9.664442091325068374e-01
9.666029040177008813e-01
9.667610698997701757e-01
9.669187071592059146e-01
9.670758162206577468e-01
9.672323975398104956e-01
9.673884516032347225e-01
9.675439789510862365e-01
9.676989801951548786e-01
9.678534559235651979e-01
9.680074067576474039e-01
9.681608333929266896e-01
9.683137365099722116e-01
9.684661168240308315e-01
9.686179750751597872e-01
9.687693119591188617e-01
9.689201282589768871e-01
9.690704248015828970e-01
9.692202023880902573e-01
9.693694618198257507e-01
9.695182039068402924e-01
9.696664294596797351e-01
9.698141392496134605e-01
9.699613340422408303e-01
9.701080145342330097e-01
9.702541812399709809e-01
9.703998343953250671e-01
9.705449742435559024e-01
9.706896009867107544e-01
9.708337148241893422e-01
9.709773159951287091e-01
9.711204048597180671e-01
9.712629818162646922e-01
9.714050471818098664e-01
9.715466012548259478e-01
9.716876443190238799e-01
9.718281766426252188e-01
9.719681984310696299e-01
9.721077099156892887e-01
9.722467112266106604e-01
9.723852024458935484e-01
9.725231837141492530e-01
9.726606553098063879e-01
9.727976177024622029e-01
9.729340714755787545e-01
9.730700173616834148e-01
9.732054562426925015e-01
9.733403890933284286e-01
9.734748169683539176e-01
9.736087408141319566e-01
9.737421611183222359e-01
9.738750783809499989e-01
9.740074933497835374e-01
9.741394069405352463e-01
9.742708202519285710e-01
9.744017345819038223e-01
9.745321513729244822e-01
9.746620722155818761e-01
9.747914988971734251e-01
9.749204331092473641e-01
9.750488760316982084e-01
9.751768284326705061e-01
9.753042913637989253e-01
9.754312661267687812e-01
9.755577542363363941e-01
9.756837574051741013e-01
9.758092775482505310e-01
9.759343167126649510e-01
9.760588771306720757e-01
9.761829611916438276e-01
9.763065711948077929e-01
9.764297089333773272e-01
9.765523758257870224e-01
9.766745734716141270e-01
9.767963035871933819e-01
9.769175680236085180e-01
9.770383687448700449e-01
9.771587078241535940e-01
9.772785871694243953e-01
9.773980083218515302e-01
9.775169727710973921e-01
9.776354820025434655e-01
9.777535375485711944e-01
9.778711408990686804e-01
9.779882932607080193e-01
9.781049958397010080e-01
9.782212497131800299e-01
9.783370558572319631e-01
9.784524153510166800e-01
9.785673294131753686e-01
9.786817993734664434e-01
9.787958267396577039e-01
9.789094131241097285e-01
9.790225602736759569e-01
9.791352699250076563e-01
9.792475436848642190e-01
9.793593831057979537e-01
9.794707897282459719e-01
9.795817651033503770e-01
9.796923108331163643e-01
9.798024285595352545e-01
9.799121200270799470e-01
9.800213871128301557e-01
9.801302317325411018e-01
9.802386557248921051e-01
9.803466607613654515e-01
9.804542483626100813e-01
9.805614199934926667e-01
9.806681771497935962e-01
9.807745213247344163e-01
9.808804540608676570e-01
9.809859771041178345e-01
9.810910923450750776e-01
9.811958012993218237e-01
9.813001051589280710e-01
9.814040049922854170e-01
9.815075023324290049e-01
9.816105986045363663e-01
9.817132942795130379e-01
9.818155891541571201e-01
9.819174827221169854e-01
9.820189749725001249e-01
9.821200662288739336e-01
9.822207571088764633e-01
9.823210485764073407e-01
9.824209418797349436e-01
9.825204380537930771e-01
9.826195376748895205e-01
9.827182407987810064e-01
9.828165475610084467e-01
9.829144584655484795e-01
9.830119736496701899e-01
9.831090927748858954e-01
9.832058151712926852e-01
9.833021407033539774e-01
9.833980695690205387e-01
9.834936017183524282e-01
9.835887364630433449e-01
9.836834728309785669e-01
9.837778102732493979e-01
9.838717484416142911e-01
9.839652866027661648e-01
9.840584235848528483e-01
9.841511578407735605e-01
9.842434880467695324e-01
9.843354130535023616e-01
9.844269316551248483e-01
9.845180427178864546e-01
9.846087454172494091e-01
9.846990393536652064e-01
9.847889238808170687e-01
9.848783978522607230e-01
9.849674595657168519e-01
9.850561072851119482e-01
9.851443398832552267e-01
9.852321563734426357e-01
9.853195555995184485e-01
9.854065362133751504e-01
9.854930968797115387e-01
9.855792368074547394e-01
9.856649552764893407e-01
9.857502511892510810e-01
9.858351230711751567e-01
9.859195692699905811e-01
9.860035886551664630e-01
9.860871803294615212e-01
9.861703430554821237e-01
9.862530752594980132e-01
9.863353751281368487e-01
9.864172411344345193e-01
9.864986723728902396e-01
9.865796681124127110e-01
9.866602275870809402e-01
9.867403499684171964e-01
9.868200344058425388e-01
9.868992806262322226e-01
9.869780886740254777e-01
9.870564584746976955e-01
9.871343897513138455e-01
9.872118820592989952e-01
9.872889349327736985e-01
9.873655483749602668e-01
9.874417222160335461e-01
9.875174560888082542e-01
9.875927500969904349e-01
9.876676045238470536e-01
9.877420191702971364e-01
9.878159936169546018e-01
9.878895276917176727e-01
9.879626216845572850e-01
9.880352765923732239e-01
9.881074935859196495e-01
9.881792732515725097e-01
9.882506159640185306e-01
9.883215224740540261e-01
9.883919937901883834e-01
9.884620313044361062e-01
9.885316368823490185e-01
9.886008121472618093e-01
9.886695579188387040e-01
9.887378748248295546e-01
9.888057640122787095e-01
9.888732273368495695e-01
9.889402668492959236e-01
9.890068846495631005e-01
9.890730824472402372e-01
9.891388614945869628e-01
9.892042229918738272e-01
9.892691686142845997e-01
9.893337002256910040e-01
9.893978197004351660e-01
9.894615290345044611e-01
9.895248304485700919e-01
9.895877261897292332e-01
9.896502184698144911e-01
9.897123095303403950e-01
9.897740017623217756e-01
9.898352977710709322e-01
9.898962003921069064e-01
9.899567126729370559e-01
9.900168377980242962e-01
9.900765788890298902e-01
9.901359389371446884e-01
9.901949205028899303e-01
9.902535258208065017e-01
9.903117575647815141e-01
9.903696188256511101e-01
9.904271130270949630e-01
9.904842438628976842e-01
9.905410149779959594e-01
9.905974298366934105e-01
9.906534916128778567e-01
9.907092032131080694e-01
9.907645675279950215e-01
9.908195875527168184e-01
9.908742660784757295e-01
9.909286056478661120e-01
9.909826085392415829e-01
9.910362770322665993e-01
9.910896134466246066e-01
9.911426198957525857e-01
9.911952982709465454e-01
9.912476503181091303e-01
9.912996777031244378e-01
9.913513821634394318e-01
9.914027655932793337e-01
9.914538300966073692e-01
9.915045779472408949e-01
9.915550115493035888e-01
9.916051330772106542e-01
9.916549446967128922e-01
9.917044488183042183e-01
9.917536481184213715e-01
9.918025455198297147e-01
9.918511441222392921e-01
9.918994469416574367e-01
9.919474570340135466e-01
9.919951776290248935e-01
9.920426120675459591e-01
9.920897637376132616e-01
9.921366358042805755e-01
9.921832309113687298e-01
9.922295516511490110e-01
9.922756008263100558e-01
9.923213812735548478e-01
9.923668957771593080e-01
9.924121469599889167e-01
9.924571373007792241e-01
9.925018692464331327e-01
9.925463450855251946e-01
9.925905669737912218e-01
9.926345369648917893e-01
9.926782570581131893e-01
9.927217292376590008e-01
9.927649555138063908e-01
9.928079379809732208e-01
9.928506786655857397e-01
9.928931794406684608e-01
9.929354417945623901e-01
9.929774667151537448e-01
9.930192551406504808e-01
9.930608080757424849e-01
9.931021267033983690e-01
9.931432123706506188e-01
9.931840665535699442e-01
9.932246908228666848e-01
9.932650868221307716e-01
9.933052562494921744e-01
9.933452008281676848e-01
9.933849223072840351e-01
9.934244225739005119e-01
9.934637035571534103e-01
9.935027671622407297e-01
9.935416152938906231e-01
9.935802498181500741e-01
9.936186723749118599e-01
9.936568840209915043e-01
9.936948856611939052e-01
9.937326784053124307e-01
9.937702635412200003e-01
9.938076424756528970e-01
9.938448166644149318e-01
9.938817876070551449e-01
9.939185568238493307e-01
9.939551258203569439e-01
9.939914960952879186e-01
9.940276691089779959e-01
9.940636463056459204e-01
9.940994291741127586e-01
9.941350192856587276e-01
9.941704182715780380e-01
9.942056278153464932e-01
9.942406492831483700e-01
9.942754835456988349e-01
9.943101314625951703e-01
9.943445939965023239e-01
9.943788721941851927e-01
9.944129670923407271e-01
9.944468797289041095e-01
9.944806112571396017e-01
9.945141629383580373e-01
9.945475361428655070e-01
9.945807323006788936e-01
9.946137529072341943e-01
9.946465995175313157e-01
9.946792737123154593e-01
9.947117771147573340e-01
9.947441112987144285e-01
9.947762776058112211e-01
9.948082766394236165e-01
9.948401088613137988e-01
9.948717749453822590e-01
9.949032757434778107e-01
9.949346122590525532e-01
9.949657856409706014e-01
9.949967971487564400e-01
9.950276481397550832e-01
9.950583400258992128e-01
9.950888742925236841e-01
9.951192523007577062e-01
9.951494752137571842e-01
9.951795442146057491e-01
9.952094605889950651e-01
9.952392257122875119e-01
9.952688409439383044e-01
9.952983071790006964e-01
9.953276248926083980e-01
9.953567947528021431e-01
9.953858175930498930e-01
9.954146943967854266e-01
9.954434262637416042e-01
9.954720144161540718e-01
9.955004599266948917e-01
9.955287636893381809e-01
9.955569267015552670e-01
9.955849500527976792e-01
9.956128349328523530e-01
9.956405825974971036e-01
9.956681943805117951e-01
9.956956716639007166e-01
9.957230158018685051e-01
9.957502275007761305e-01
9.957773071610135363e-01
9.958042553718643441e-01
9.958310728785622068e-01
9.958577605734462157e-01
9.958843192379341902e-01
9.959107495199258642e-01
9.959370521644747010e-01
9.959632280171528684e-01
9.959892780360860565e-01
9.960152032612865636e-01
9.960410047942743761e-01
9.960666838207046236e-01
9.960922415690567355e-01
9.961176793432704457e-01
9.961429981898772823e-01
9.961681984985164551e-01
9.961932805947750769e-01
9.962182449678181895e-01
9.962430922941533096e-01
9.962678233158687169e-01
9.962924386381711850e-01
9.963169388485085820e-01
9.963413246183412397e-01
9.963655967144033898e-01
9.963897559795643621e-01
9.964138033247067483e-01
9.964377397194943420e-01
9.964615661901388144e-01
9.964852837895498139e-01
9.965088935882635557e-01
9.965323961085960081e-01
9.965557914537166440e-01
9.965790798638526349e-01
9.966022617322934929e-01
9.966253376015262733e-01
9.966483081328754157e-01
9.966711740881465387e-01
9.966939361622746407e-01
9.967165949849500217e-01
9.967391512822040278e-01
9.967616058566876047e-01
9.967839595829659505e-01
9.968062133932215074e-01
9.968283682844046867e-01
9.968504252306814584e-01
9.968723848634135631e-01
9.968942471221178270e-01
9.969160119793485375e-01
9.969376795909156153e-01
9.969592502598355610e-01
9.969807244207065100e-01
9.970021026239239692e-01
9.970233854557161157e-01
9.970445734921806746e-01
9.970656673677186221e-01
9.970866678049205012e-01
9.971075755860044909e-01
9.971283915514882468e-01
9.971491165880794760e-01
9.971697516275613848e-01
9.971902973496744593e-01
9.972107538816626926e-01
9.972311210839461815e-01
9.972513990276979934e-01
9.972715879298577057e-01
9.972916881316512550e-01
9.973117000608148208e-01
9.973316242554493005e-01
9.973514612878596752e-01
9.973712116996117372e-01
9.973908760421832387e-01
9.974104549175004664e-01
9.974299489963606158e-01
9.974493590181512381e-01
9.974686857749845981e-01
9.974879299886992845e-01
9.975070918369464135e-01
9.975261713410998876e-01
9.975451685775427180e-01
9.975640836924107857e-01
9.975829169214466274e-01
9.976016685935855666e-01
9.976203390989634157e-01
9.976389289130864757e-01
9.976574385793018918e-01
9.976758687086906274e-01
9.976942199491030117e-01
9.977124929560668987e-01
9.977306883470791199e-01
9.977488067555301265e-01
9.977668486796794634e-01
9.977848142000429466e-01
9.978027031333983610e-01
9.978205154709401947e-01
9.978382513336760962e-01
9.978559109702497265e-01
9.978734946997758204e-01
9.978910028456516867e-01
9.979084357876376599e-01
9.979257939866837956e-01
9.979430779437943322e-01
9.979602882067096781e-01
9.979774253540537599e-01
9.979944899860726526e-01
9.980114827182272608e-01
9.980284040846613136e-01
9.980452540735317291e-01
9.980620325387027370e-01
9.980787394438601634e-01
9.980953748725613917e-01
9.981119390147281667e-01
9.981284321417851491e-01
9.981448545813769169e-01
9.981612067240398511e-01
9.981774889934841299e-01
9.981937018521908067e-01
9.982098457766048760e-01
9.982259212145218052e-01
9.982419285931812825e-01
9.982578683771765604e-01
9.982737408316272321e-01
9.982895459015199702e-01
9.983052834427947886e-01
9.983209534629137183e-01
9.983365560864563282e-01
9.983520915155700282e-01
9.983675600354648960e-01
9.983829619625061991e-01
9.983982976203773507e-01
9.984135673478051753e-01
9.984287714994007912e-01
9.984439104572795376e-01
9.984589846174403149e-01
9.984739943902939396e-01
9.984889401886630766e-01
9.985038222741052794e-01
9.985186405299643075e-01
9.985333948565404683e-01
9.985480852679226027e-01
9.985627118174210670e-01
9.985772746090846308e-01
9.985917738240773778e-01
9.986062096888272954e-01
9.986205824677605314e-01
9.986348924635771729e-01
9.986491400088354231e-01
9.986633254533118231e-01
9.986774491630516781e-01
9.986915115100521989e-01
9.987055128925897973e-01
9.987194534420741343e-01
9.987333330482240923e-01
9.987471516048374021e-01
9.987609090958929903e-01
9.987746055754834762e-01
9.987882411549455774e-01
9.988018159911488114e-01
9.988153302787496912e-01
9.988287842454393051e-01
9.988421781382104125e-01
9.988555122206048686e-01
9.988687867757618521e-01
9.988820020712467773e-01
9.988951583605183426e-01
9.989082558949988755e-01
9.989212947489748418e-01
9.989342747721801086e-01
9.989471958614944969e-01
9.989600579778659117e-01
9.989728611387922452e-01
9.989856053995381791e-01
9.989982908780331572e-01
9.990109177188800649e-01
9.990234860971095587e-01
9.990359962010262329e-01
9.990484482265203914e-01
9.990608423730195087e-01
9.990731788446557404e-01
9.990854578432107891e-01
9.990976795447230607e-01
9.991098439896077821e-01
9.991219510676720983e-01
9.991340006772987392e-01
9.991459927769406058e-01
9.991579273628194979e-01
9.991698044780026322e-01
9.991816241909714513e-01
9.991933865883149135e-01
9.992050917713440894e-01
9.992167398497728836e-01
9.992283309376372991e-01
9.992398651459960535e-01
9.992513425913603919e-01
9.992627633802310116e-01
9.992741276168471964e-01
9.992854353184440486e-01
9.992966864078550726e-01
9.993078808191255824e-01
9.993190185175095941e-01
9.993300994847074126e-01
9.993411237013908321e-01
9.993520911552712382e-01
9.993630018450266883e-01
9.993738557907164699e-01
9.993846530295058539e-01
9.993953936033671548e-01
9.994060775618595072e-01
9.994167049549520510e-01
9.994272758341310459e-01
9.994377902395934488e-01
9.994482481838886656e-01
9.994586495965518402e-01
9.994689943872967497e-01
9.994792825078592235e-01
9.994895139164908793e-01
9.994996885644190643e-01
9.995098063973210101e-01
9.995198673925429489e-01
9.995298715741738338e-01
9.995398189691836466e-01
9.995497095895070627e-01
9.995595434159120218e-01
9.995693204305656776e-01
9.995790406323166177e-01
9.995887040166243631e-01
9.995983105738677210e-01
9.996078603114725292e-01
9.996173533080253693e-01
9.996267896463048030e-01
9.996361693885221777e-01
9.996454925890335685e-01
9.996547593782098007e-01
9.996639698851340627e-01
9.996731241854087679e-01
9.996822223262928908e-01
9.996912644624762478e-01
9.997002508360838258e-01
9.997091817160401739e-01
9.997180574270083664e-01
9.997268783732493613e-01
9.997356449683372226e-01
9.997443576766855688e-01
9.997530171343056438e-01
9.997616241531342984e-01
9.997701798006216611e-01
9.997786854176733407e-01
9.997871423445238159e-01
9.997955520430622522e-01
9.998039162101366450e-01
9.998122366191161126e-01
9.998205151736804241e-01
9.998287543099774188e-01
9.998369564806860454e-01
9.998451236846065404e-01
9.998532570834528510e-01
9.998613566924093865e-01
9.998694202963683830e-01
9.998774424315635123e-01
9.998854138499769784e-01
9.998933220975754210e-01
9.999011545620922758e-01
9.999089030201483430e-01
9.999165657132380591e-01
9.999241443650475070e-01
9.999316426585673767e-01
9.999390642224285086e-01
9.999464131552079360e-01
9.999536933735364563e-01
9.999609084241413148e-01
9.999680618389750197e-01
9.999751565478847137e-01
9.999821943662374757e-01
9.999891777598660658e-01
9.999961107942803018e-01
1.000002997284656914e+00
1.000009840182638055e+00
1.000016642411396983e+00
1.000023405244921060e+00
1.000030128519090900e+00
1.000036811850850915e+00
1.000043455786669977e+00
1.000050062808063078e+00
1.000056635484843914e+00
1.000063176392784081e+00
1.000069686707725003e+00
1.000076167427861984e+00
1.000082619168767950e+00
1.000089043083228990e+00
1.000095440293973015e+00
1.000101811831423992e+00
1.000108158226169053e+00
1.000114479920632959e+00
1.000120777436469099e+00
1.000127051648159071e+00
1.000133303621669079e+00
1.000139534057260970e+00
1.000145743196309001e+00
1.000151931093810065e+00
1.000158096205020941e+00
1.000164237261832900e+00
1.000170352844808042e+00
1.000176442995220905e+00
1.000182507954298972e+00
1.000188548316587100e+00
1.000194565137584979e+00
1.000200559724992111e+00
1.000206532809581939e+00
1.000212484643191901e+00
1.000218414880156947e+00
1.000224323563974949e+00
1.000230210754259996e+00
1.000236076588026934e+00
1.000241921205103024e+00
1.000247744759843016e+00
1.000253547481952054e+00
1.000259329630436955e+00
1.000265091473734103e+00
1.000270833424449002e+00
1.000276555894316077e+00
1.000282259304444032e+00
1.000287944165308085e+00
1.000293610983892023e+00
1.000299260269853052e+00
1.000304892566562076e+00
1.000310508422723954e+00
1.000316108384414981e+00
1.000321693031481995e+00
1.000327262961848040e+00
1.000332818758999931e+00
1.000338360991565034e+00
1.000343890214012044e+00
1.000349406956207998e+00
1.000354911739204100e+00
1.000360405055906066e+00
1.000365887377054896e+00
1.000371359165493912e+00
1.000376820863430050e+00
1.000382272919936089e+00
1.000387715784204934e+00
1.000393149917174096e+00
1.000398575778147059e+00
1.000403993830925042e+00
1.000409404503121991e+00
1.000414808216607110e+00
1.000420205330992962e+00
1.000425596203927014e+00
1.000430981169287081e+00
1.000436360581913098e+00
1.000441734797661963e+00
1.000447104175639090e+00
1.000452469073503936e+00
1.000457829848367952e+00
1.000463186865006016e+00
1.000468540470063949e+00
1.000473891003430982e+00
1.000479238661480919e+00
1.000484583611410905e+00
1.000489925968425009e+00
1.000495265817098023e+00
1.000500603186821102e+00
1.000505938161357911e+00
1.000511270829901989e+00
1.000516601322734012e+00
1.000521929722391956e+00
1.000527256105903984e+00
1.000532580473330047e+00
1.000537902826037051e+00
1.000543223142901006e+00
1.000548541414103987e+00
1.000553857633655008e+00
1.000559171817194004e+00
1.000564483991992049e+00
1.000569794192889050e+00
1.000575102457754051e+00
1.000580408827099976e+00
1.000585713345488070e+00
1.000591016064990901e+00
1.000596317038717986e+00
1.000601616325498044e+00
1.000606913973383083e+00
1.000612210028912097e+00
1.000617504511265077e+00
1.000622797439550959e+00
1.000628088824554007e+00
1.000633378689173014e+00
1.000638667061507947e+00
1.000643953987234047e+00
1.000649239497994003e+00
1.000654523621343106e+00
1.000659806370356009e+00
1.000665087744349036e+00
1.000670367735482014e+00
1.000675646329167057e+00
1.000680923534269073e+00
1.000686199374650087e+00
1.000691473880954030e+00
1.000696747066694980e+00
1.000702018932329018e+00
1.000707289469461969e+00
1.000712558671577934e+00
